15 16 2
16 22 2
16 15 2
22 16 2
17 15 2
15 17 2
20 9 1
20 16 1
19 18 1
17 16 1
19 9 1
18 19 1
18 17 1
18 15 1
18 9 1
17 18 1
19 20 1
19 15 1
0 1 1
16 28 1
16 27 1
16 25 1
16 24 1
16 23 1
16 21 1
16 20 1
16 17 1
16 14 1
16 9 1
15 19 1
15 18 1
20 19 1
16 29 1
20 21 1
21 20 1
28 29 1
28 27 1
28 26 1
28 16 1
27 28 1
27 26 1
27 25 1
27 16 1
26 28 1
26 27 1
26 25 1
26 24 1
25 27 1
21 16 1
25 26 1
25 16 1
24 26 1
24 25 1
24 23 1
24 16 1
23 24 1
23 22 1
23 21 1
23 16 1
22 23 1
22 21 1
21 23 1
21 22 1
25 24 1
15 14 1
15 13 1
14 16 1
7 1 1
6 8 1
6 7 1
6 5 1
6 4 1
5 7 1
5 6 1
5 4 1
5 3 1
4 6 1
4 5 1
4 3 1
4 2 1
3 5 1
3 4 1
3 2 1
3 1 1
2 4 1
2 3 1
2 1 1
2 0 1
1 10 1
1 9 1
1 8 1
1 7 1
1 3 1
1 2 1
1 0 1
0 2 1
7 5 1
7 6 1
7 8 1
8 1 1
14 15 1
14 13 1
14 12 1
13 15 1
13 14 1
13 12 1
13 11 1
12 14 1
12 13 1
12 11 1
12 10 1
11 13 1
11 12 1
11 10 1
29 16 1
11 9 1
10 11 1
10 9 1
10 1 1
9 20 1
9 19 1
9 18 1
9 16 1
9 11 1
9 10 1
9 8 1
9 1 1
8 9 1
8 7 1
8 6 1
10 12 1
29 28 1
